Max_Value : 4.800000
Total_Time: 0.001403